function setup() {
  createCanvas(400, 400);
}

function draw() {
  background(0, 255, 255);
  fill(255, 255, 0);
  circle(50, 50, 50);
  fill(255, 255, 204);
  triangle(100, 150, 200, 50, 300, 150);
  fill(0, 102, 0);
  square(100, 151, 200);
  fill(255, 255, 255);
  rect(130, 225, 20, 20);
  rect(150, 225, 20, 20);
  rect(130, 245, 20, 20);
  rect(150, 245, 20, 20);
  rect(230, 225, 20, 20);
  rect(250, 225, 20, 20);
  rect(230, 245, 20, 20);
  rect(250, 245, 20, 20);
  fill(153, 76, 0);
  rect(170, 301, 30, 50);
  rect(200, 301, 30, 50);
  fill(255, 255, 0);
  circle(185, 325, 10);
  circle(215, 325, 10);
}
